2613
460
3741
4491
2067
2492
1951
346
1313
4957
538
2513
77
2262
1870
2340
4145
2430
2841
3641
1006
4384
4590
1499
1623
1181
796
2829
2857
2086
2388
4766
4232
3800
160
327
3387
3045
4289
3806
357
4329
4187
3559
3612
3302
2710
2809
3413
1409
2552
3804
850
4065
4698
3521
2861
1185
3187
4107
3291
1611
4248
451
1717
2936
1936
914
2106
2132
4697
3950
462
313
4617
3337
295
2039
809
238
1841
2414
2455
3276
623
1006
3826
2415
4943
1874
4259
821
363
333
4489
3285
4271
1415
1672
3950
2001
4395
1757
1439
976
3420
3089
952
4193
1681
1834
4552
3624
1920
1853
1075
818
1776
1815
3603
2160
1791
3116
70
2773
1746
2634
1213
2995
3234
1512
3971
4246
4015
3790
3127
4675
4908
3670
4809
1933
2979
2352
3023
866
1704
3183
3060
3685
71
1041
653
2126
3993
4583
4036
3492
1810
887
1032
1176
2179
1616
3212
3155
4268
1656
2689
3561
1070
524
3664
1276
3718
417
181
2856
1769
2695
1655
1353
4936
890
2826
2308
1651
3994
3346
2202
4138
4657
2867
3960
3791
3067
1618
3651
1921
4661
87
4571
2269
3222
3821
3462
1715
135
669
833
3715
338
1840
41
58
4761
42
2799
4712
2558
3745
2265
207
4090
4903
4231
3013
262
676
4641
3223
2729
839
2932
657
4815
3177
840
4036
1997
872
70
1605
3123
1618
1727
2960
623
3980
1045
2686
4048
2950
4126
2724
696
4398
1409
2813
867
1407
1156
4957
3462
3599
3864
4185
3018
796
1096
474
4538
2912
1043
3462
1854
1630
227
1326
1795
3142
1599
1918
1514
213
4828
3149
1929
312
2452
4859
4588
1622
1677
2760
2333
1251
3055
2883
3022
1419
4671
728
1089
3477
4342
1192
4829
3714
587
3359
2329
495
552
2806
1669
2102
3485
2857
1910
434
163
3300
4079
1937
2435
3540
3859
2160
218
630
3243
3662
1315
2422
1662
3361
3197
3488
22
4935
4247
4396
1886
4757
847
3389
3192
2837
3091
193
634
1567
1606
3058
658
2702
3012
3924
967
4201
673
4682
641
134
3510
249
4060
2190
793
1765
696
2017
4261
1755
2545
2374
3571
2011
4510
2450
2755
2963
1697
2684
3286
639
1156
1421
987
666
1103
561
1029
2334
3043
2554
4837
2671
3581
336
3632
124
4460
7
2269
1140
741
2988
2642
4133
819
2779
3863
742
4932
2160
2741
876
80
3769
2033
738
1824
108
4178
247
2450
3126
2366
4996
576
2823
2666
3880
2179
1820
2307
1444
18
3147
4245
3238
4392
4424
247
1922
4403
4769
4701
1519
2459
3898
795
438
527
4509
1187
4945
2304
840
1790
4732
4637
4266
790
3572
1711
1827
3508
2195
507
2700
4396
1519
1546
87
793
4185
2441
1264
1866
2996
3589
1006
706
180
2593
3878
1090
4661
3936
170
4229
3581
2261
2784
2912
184
438
4534
1595
2439
4819
1632
828
1357
4234
4731
4851
4220
3124
1724
4360
2694
2424
800
3552
3546
4154
1100
4574
1091
850
1350
4044
758
2680
2190
3727
482
575
3559
3114
3978
2109
4846
1138
1392
2759
4814
4299
4216
656
928
3665
3746
2051
1250
624
1840
4176
4467
1242
2349
2312
4297
250
4012
2738
3004
1736
3462
2651
3743
2402
4582
4436
2854
1296
3860
1175
633
3477
4805
2016
2565
1917
4375
351
4754
262
2478
3366
2364
772
3996
2570
1137
3828
4783
4821
3113
4502
3282
4208
95
4456
1492
2893
676
1763
3611
2477
1428
4489
3681
4694
3441
511
1741
594
2969
2499
599
4954
2638
3459
1676
1089
3549
2039
3400
3047
2921
1080
2619
3455
4761
2458
2243
4364
626
2623
910
2935
3664
1089
3449
3818
4187
3757
3529
299
1649
3318
4219
4131
4758
2770
3276
2982
4558
4494
4366
2534
3722
3953
2200
465
2155
347
1296
2005
2660
2406
128
1156
2994
4247
866
1366
696
4066
4196
3102
4048
332
1846
3173
2043
4872
1378
3298
1572
157
1651
2356
2191
3456
3299
4933
1161
2728
30
1778
2231
549
3260
1047
695
4487
3903
306
1976
3302
4074
2176
489
1434
2888
1004
4459
1717
2585
4939
3042
1529
2479
1933
608
628
4848
3437
3290
4628
3734
2067
2584
2387
775
3258
3183
1953
1795
4030
4873
1241
1857
4910
2969
1029
1308
3418
3582
4715
826
4373
2409
4867
579
2707
476
4219
32
2192
1720
2950
2498
4412
885
4574
1199
702
1428
4608
1353
106
121
3879
812
106
4665
2964
1034
312
4103
904
3639
3956
1515
2839
3905
2316
3010
1111
956
564
2041
506
417
843
1181
2382
4338
3380
347
1741
80
4029
1451
1020
1055
592
4263
2691
2506
4859
4988
624
3847
2671
704
2124
1025
3877
2551
4103
3785
2379
978
1026
300
2200
447
1794
690
1543
2543
4432
1185
2846
3571
1806
350
2983
4979
687
1746
2671
1989
4798
4402
3654
2106
122
3782
4911
2724
3994
4853
3731
1413
4951
2594
4149
527
2846
263
438
39
1514
4105
2247
3044
2411
996
2918
622
2363
3391
163
4785
3069
4681
3009
3550
3270
2820
1499
4657
966
1252
3571
3564
1743
3738
2065
3732
981
2266
1237
468
4595
4821
384
53
3578
2371
4716
431
666
389
1929
2866
540
4862
3278
2131
2693
1659
1626
2775
2476
34
1968
1293
3827
508
661
3779
4352
3565
2291
474
2889
2949
4584
2709
1377
846
4769
156
4142
4525
4163
3051
1800
47
2082
4726
348
2508
4745
65
1531
2593
3429
1170
4042
2683
4500
2749
2407
3700
4796
3329
2744
3670
51
1012
1134
688
4050
1233
4595
421
2613
4458
200
3910
2313
2202
2734
4628
4947
3114
4050
4327
1620
329
4889
3678
2386
1666
3667
4251
4778
1368
3630
243
1095
1872
4682
106
3197
3172
238
4331
2399
3133