4197
1307
8401
6410
2650
1782
2909
739
9787
4183
9844
7115
7447
9044
1713
5177
8747
2653
4878
7326
9081
2298
4473
7828
9183
4005
5558
3584
3103
5431
5354
2152
6
4878
5348
6937
9736
8306
5830
4773
9244
5003
4017
3519
1870
6979
4561
1324
8505
3081
7920
5284
8703
5278
5906
2159
2227
1751
4051
6364
6112
928
6637
2007
2867
6835
3944
7458
9861
3247
8818
239
4759
7350
3156
9854
2546
4358
7893
7146
7162
5453
6935
6836
1025
190
4192
6270
6642
9087
8115
1966
7786
1236
9729
6749
5154
3622
7996
9632
5679
1414
8708
4106
9614
3470
5702
9252
4394
8150
6266
8852
3236
7596
5039
1754
3115
590
4075
5533
4951
7852
4483
3670
8829
6866
197
8852
4539
7490
6490
822
8279
8951
8198
3087
3557
6560
2568
7406
3291
386
2171
6338
966
7260
1866
543
6479
4341
5899
5205
3758
2322
6705
872
1131
7940
5584
977
7248
1389
3425
6288
1772
4947
8707
4258
397
2360
7447
6611
6651
11
4949
1854
8224
9330
8115
3587
478
5494
2122
1998
4814
8375
7905
3932
7135
2674
7189
9223
2608
998
7630
3313
1802
3228
6178
8333
3014
4141
2413
4264
8572
3215
9783
8588
4840
2045
9992
7300
3123
9410
7693
6101
3342
9144
9160
4879
140
3729
1356
625
594
2364
5114
4109
1449
5522
1133
5425
8542
1080
1160
1252
2965
3631
1060
3449
72
1569
1764
3885
9647
3097
6082
3140
9248
9797
5055
9527
9697
2366
199
6596
8239
4441
4064
5636
6578
5668
4797
26
5539
3175
1383
4569
7778
373
5251
1842
255
2664
2861
2055
5248
3874
7672
4650
959
4880
4002
9196
5088
4903
2984
5178
7349
6781
6504
9653
6637
44
4330
5500
7600
6841
5020
3809
5701
1032
5010
4842
3625
3699
7076
9412
6107
8074
7000
42
1366
6485
4937
4991
8567
9602
8265
7537
3578
9960
1614
6509
6227
1535
2151
3105
1251
2964
9932
6278
362
5071
306
791
1536
8579
3692
2505
4566
5056
7870
9103
8687
4807
1902
2921
6692
5730
136
7587
2737
1264
100
9188
2414
768
1596
4902
1690
6720
5283
5081
1267
3051
1830
8058
5590
9920
4524
7618
6533
7648
2092
4398
9937
9989
6414
5088
1244
6780
7450
8611
6181
1149
1389
5256
4682
9111
2867
5766
8632
1880
2016
7094
6110
9981
6326
4779
7418
8719
2418
6799
8524
6537
414
8896
8915
96
2024
1571
5096
947
9549
9173
5535
4213
7039
7682
9268
7112
9598
4739
5299
5209
7084
3233
8935
2881
598
7662
3339
3857
9016
9834
5555
498
6716
6060
1609
640
2393
1702
9873
9169
5655
3944
1344
4909
2027
2626
4726
433
3351
9291
8834
3636
151
5391
6539
1989
6537
4420
7194
8907
6129
4352
7175
3956
6233
1146
796
2982
2017
5372
8328
1179
5070
522
4867
6776
8893
8458
8887
8058
5080
2381
322
7719
8364
1903
1898
7749
5319
2181
5520
2449
6571
8425
3733
4225
9706
3257
7267
4511
6710
8528
3793
4357
8238
3844
6346
6359
3004
3249
3491
8630
5079
9927
2518
5635
8559
5885
1079
4524
2594
1808
2185
8466
7218
2804
5043
8376
3443
6767
4775
6496
9139
7445
804
5804
7089
2879
6366
68
8375
946
5420
3768
4925
5070
3142
2287
2398
7049
3005
2240
3745
5041
3273
3812
8915
5246
3478
7337
7605
3513
4346
2915
612
2013
2487
1379
2150
9622
3294
2847
3864
5720
5321
2118
4648
5444
9866
5541
6623
7593
7155
7606
1737
5806
5789
446
8540
9386
9953
418
2545
4248
7739
1736
9233
81
8549
8240
6314
2195
3006
92
2521
8280
506
829
9007
6530
5115
3074
3281
5805
3356
7930
2886
6031
763
7824
1652
3744
8358
6890
6117
2548
4893
1048
8458
7498
1724
2197
7134
2568
7987
1399
2029
1440
9274
3470
4499
5115
2139
5946
348
6095
651
4229
7726
5245
6362
9690
4381
9385
4170
6195
7684
5193
6124
2008
1993
1455
4997
6049
294
7993
3048
5989
3962
9232
8105
1491
9391
3570
2278
6686
9382
8663
7452
2007
648
337
9376
1487
7636
6770
77
719
5891
6415
5375
8832
5260
9919
4012
2645
383
1431
2554
397
6651
1063
5190
3121
1638
4623
6094
9524
4359
8559
8403
1894
9812
3588
4090
2876
6388
8544
2101
7479
3873
514
3354
8708
865
42
3883
2811
6296
7677
4214
1300
3603
8391
245
610
1596
1920
8342
2226
3026
8130
5686
2909
7552
7823
7173
1051
6133
6163
4040
4118
3669
8716
3228
1371
9386
3070
2550
366
2553
6876
6165
357
5670
9228
6707
7251
9621
4754
638
7703
2757
71
5317
3083
5129
3839
3799
1254
2086
5145
7982
8281
6288
626
6411
2464
6328
9302
4306
4883
4392
10000
1007
6712
6400
1989
2371
4472
4481
5143
4881
9610
3296
5023
3583
5215
1471
7984
1861
8526
8665
4309
1328
6752
3857
3563
1683
1513
4728
9107
2910
7042
2607
4675
8384
1892
983
7535
5
7033
3129
3666
3812
2831
8993
1406
5491
4486
729
1815
6651
8191
1966
8671
4489
3893
7218
7212
6605
1226
6679
5373
9178
5009
4616
8583
5300
5595
3214
4394
3752
1477
3918
2135
6103
2106
9952
4037
3980
9648
7239
374
8356
8305
7553
8875
5850
6186
75
7037
5239
9066
1067
6723
6607
1635
8541
4574
2148
1250
9556
7318
8764
8636
4872
2621
8981
6881
6115
5097
2645
8709
3432
39
7031
7373
7054
9677
9802
9722
332
5033
9762
1185
8512
1148
1986
6696
7875
3202
2216
9696
1899
8533
3069
350
9593
454
7124
8317
3583
8130
373
6369
380
9012
8521
415
4812
6942
6318
3053
5662
4613
1180
46
754
2076
5709
1638
9495
7956
963
8645
8706
965
3249
3711
9544
8182
9889
6639
4016
4497
1959
4548
2291
6694
9675
2859
8078
8609
1960
2252
4878
4596
2944
9341
3143
2273
9846
97
4215
67
7059
3525
1564
810
1761
2731
3142
341
735
5260
5933
8711
3201
8667
4080
8171
795
26
6821
8738
9786
1699
374
6833
3007
164
9237
3715
6001
4267
7706
8474
7858
9317
9972
6715
7833
2693
2071
6736
8852
2928
1482
2309
9304
2782
5722
5359
7037
6906
6615
1646
358
2695
7938
419
2615
7416
7849
4151
3243
4778
5946
6683
5655
3448
5800
9722
9750
5058
1910
3853
9437
3099
8051
9493
9302
8665
7146
3284
463
6826
6686
5598
3524
5014
8159
1019
9832
4645
4075
547
3654
9734
4252
6278
3341
4890
6242
8020
1052
7490
4182
2987
7314
4006
7797
7099
3815
2221
5858
6527
5213
6926
2450
5129
3407
3689
9316
5739
2081
2187
8424
3904
3848
3620
2680
3578
8790
7369
7517
6383
8776
8886
1288
9678
3246
3629
1441
3695
185
3928
6224
7118
517
1735
4438
5794
1051
282
3525
4064
5073
3217
408
7483
2704
7700
9254
411
2470
5801
7935
9400
8208
7242
484
8250
1962
6738
6004
8435
4083
4826
6192
5977
5008
3379
5515
4180
2095
9131
7599
1748
1096
4952
6013
7202
6839
3553
763
6645
3555
4912
1658
2094
5686
770
7544
1805
4392
5228
4954
1601
1742
121
6553
420
3804
1497
9641
595
3003
1251
7902
1915
7311
8765
104
3798
5698
9281
1829
5768
2622
4445
3302
4229
6749
5025
9911
9163
1817
2038
3910
3571
9909
6240
8207
4159
5269
3404
4844
3171
3848
9871
9678
8177
7430
1271
1918
2728
8647
8292
3736
9677
4384
3070
3244
4392
5111
7474
2421
5798
33
5990
6843
7508
21
1586
391
7788
630
6128
7295
1925
3437
9214
5752
4777
1427
1141
1971
9541
398
6647
9842
9098
3443
9161
1635
7027
9120
5502
7063
6050
821
4845
6262
3139
966
3032
1853
9017
7522
5211
5718
5275
7061
3583
5467
3518
1349
3081
8508
400
6574
9336
7711
839
3996
4640
9874
6884
6245
5965
6682
5075
370
2882
3528
8671
351
4008
45
9784
7618
4684
8393
5805
52
7038
9068
7540
6042
9136
7142
288
4475
6040
7117
9407
7856
3303
7690
6366
8482
5128
4493
5795
7370
2015
2409
7587
8658
8310
4519
8104
1512
5709
8452
8651
3639
3186
4128
947
1342
8605
7315
9837
4166
529
4386
3515
637
716
5345
1831
5726
3219
6860
6240
8310
2644
5553
9872
863
741
7814
2499
9981
4628
5856
4586
710
6506
5454
2737
9528
5562
181
9871
4151
1803
713
2565
1323
1486
7143
4266
8412
2940
8270
6300
5497
9484
2271
1462
33
5044
2587
582
3485
903
1914
2120
4774
8432
6057
7966
194
5643
7311
5527
1440
3327
2678
6546
9656
1078
9857
8552
533
441
5447
9372
506
3453
9427
4831
9528
1478
4405
79
3701
1615
4596
3421
9484
5748
263
6428
9051
8767
2342
6122
353
8203
693
7031
5648
9223
5169
587
8933
9967
9773
4010
1740
9799
861
1734
5618
2690
6334
1142
4950
9941
9259
4388
8222
9689
1642
6514
948
1049
1690
7559
9996
2369
6269
2942
2057
1236
5790
6714
7961
9043
9267
2695
6812
4994
8307
3102
6946
3871
4893
1449
4059
6691
9262
6941
2224
8213
3219
483
1707
4239
6449
763
8567
8600
2358
4090
4136
3170
955
462
9954
7781
4664
7423
1982
4559
4724
1545
2889
6017
8569
5109
2105
3307
5524
906
3391
4726
5008
958
3917
7430
1044
1730
3312
6757
9917
5067
5671
9381
1823
9837
5770
5537
2857
8052
228
8006
9892
4390
4362
8736
3574
5871
4621
8428
3842
4424
7705
2207
8442
6022
2552
2966
2629
2269
2636
3603
3955
201
9735
7360
2895
2703
908
1428
2760
6839
4189
7437
6906
5384
9524
55
5051
4550
2653
8134
5775
171
7969
9912
381
739
6986
1838
3182
2754
5545
5788
4309
1591
3878
7780
9549
4171
9816
6009
8730
5861
5981
8403
7067
8855
6193
883
3092
8756
2473
6687
2771
5926
7221
1617
6253
6274
5865
690
4290
9713
4579
2261
1278
392
8061
2795
7523
3339
9936
3256
2581
9130
1418
6431
2554
5227
8159
3755
4347
3413
54
4621
5615
3297
1167
5672
7391
1559
5056
4948
7763
6959
8317
7802
23
6311
8190
4718
7807
2594
5687
1174
9751
9856
9241
8214
1858
4529
9161
6131
6176
5292
7748
1198
9546
8067
3511
2947
3648
1518
3314
210
9232
6383
2804
4925
7424
3551
2495
1238
6902
493
4235
660
2427
9370
6092
9381
3662
7655
3171
4745
4502
4636
8632
1130
1875
6476
9571
6579
6736
1141
8374
3581
4599
1521
4498
4854
7412
5648
7907
7574
7353
691
9469
5242
626
6014
6485
9774
263
7237
9625
8686
5806
9171
722
3704
6771
7211
9989
2590
3307
6610
3075
5701
5800
6244
5193
5751
6808
8548
3892
2744
89
976
6988
5836
2018
4640
5476
7392
3698
6226
2931
2056
3773
2583
4219
4411
4103
6446
6410
1210
3378
815
697
1940
9214
5640
4181
3264
9174
1665
7915
1849
1798
3830
5604
7995
9368
4408
4949
3948
1883
7404
3526
8814
2631
2702
1420
3693
6550
7492
5083
7649
2060
2424
292
2346
1570
2332
876
8752
8354
4320
1774
5736
7128
6604
4638
5306
6808
6419
4147
6009
522
9760
736
6526
4945
5072
9128
5051
7364
6414
1042
2304
6003
998
3452
1041
1786
9859
8833
3324
4065
7445
1556
5194
3312
760
4795
1614
2853
3332
8613
1186
3474
7291
6459
1731
4860
3406
2643
3468
7327
9506
3498
671
3021
1204
9547
753
5089
1160
8662
4195
6773
504
1583
518
6675
2965
8307
3881
6262
1315
2062
7724
4903
5543
2367
8916
4786
8683
4188
9057
6564
9137
7131
1641
4013
2097
5115
3207
6593
3995
4278
2313
3108
4774
9374
7040
2081
8580
6665
6003
385
2263
3486
746
5740
4191
873
9299
803
5293
6359
92
7922
6894
8770
49
8345
8533
2717
9273
6862
7416
5606
2389
8873
8408
6415
7900
4648
5784
851
8660
9971
5944
8911
605
7470
7519
1952
7421
1366
1486