630
237
559
959
505
38
455
966
220
642
894
539
495
686
831
556
1000
443
556
13
243
884
211
296
842
653
6
18
342
257
354
795
394
196
449
816
667
209
797
235
735
940
304
231
48
652
1
574
996
877
300
59
814
278
465
53
109
916
383
45
185
715
116
614
937
467
773
10
190
20
578
93
107
662
275
85
937
214
190
326
295
923
841
372
949
340
424
658
279
794
147
873
91
211
859
458
948
795
371
702
549
40
131
577
784
486
780
611
438
357
991
665
299
519
102
762
828
554
382
324
881
169
407
673
540
724
415
601
759
911
239
276
185
77
118
927
949
130
468
492
635
763
830
211
480
815
20
366
325
45
57
61
702
152
614
916
935
292
301
644
69
742
930
717
690
89
175
688
10
804
952
951
273
417
683
507
491
64
126
632
253
370
403
731
858
919
614
583
791
781
101
346
778
163
773
400
535
233
455
452