660
728
540
95
659
904
75
433
138
155
133
282
933
436
10
26
996
744
420
455
753
810
764
522
560
991
246
24
10
562
294
516
315
287
683
555
951
725
601
440
52
57
805
882
375
785
871
789
483
569
189
378
501
250
38
771
195
792
409
354
339
316
246
560
560
587
92
905
157
543
821
428
418
666
947
923
278
889
683
165
814
157
690
822
564
522
221
470
920
614
226
612
223
129
359
255
394
802
16
146
323
496
803
178
454
630
54
863
913
283
604
65
938
110
128
385
672
958
615
535
456
124
605
395
92
112
60
606
115
967
840
569
629
811
147
492
905
19
311
695
46
815
893
209
240
21
673
441
400
840
269
358
967
628
588
727
41
183
653
306
760
253
472
419
571
571
851
974
142
245
387
194
258
287
690
264
757
627
460
310
125
176
530
222
127
429
718
904
958
847
8
87
763
463
161
796
269
443
556
810
546
935
872
652
79
963
265
171
90
223
332
898
716
471
927
45
876
457
55
995
772
985
458
450
768
479
924
950
824
627
79
929
575
30
959
426
121
318
709
36
721
897
285
410
388
192
561
517
520
112
49
582
408
240
584
616
219
805
639
29
602
326
515
66
951
159
770
622
981
286
514
746
353
609
432
706
44
409
566
707
156
109
227
495
175
73
968
23
686
812
154
774
477
319
476
897
999
204
557
174
931
965
460
808
979
700
438
116
529
115
566
518
485
710
481
103
410
535
979
486
641
103
917
284
280
225
407
613
446
73
236
606
831
709
879
0
606
940
474
80
240
665
652
226
895
951
514
489
845
716
659
648
141
642
597
658
829
475
958
82
183
78
656
521
801
370
531
443
216
687
315
941
526
877
3
692
530
15
453
339
366
144
970
737
230
4
847
252
717
98
750
73
993
83
736
854
455
250
616
883
960
119
524
476
249
611
920
207
384
439
982
585
106
566
103
528
441
481
400
488
324
461
850
264
883
549
259
17
74
176
278
227
6
15
899
496
367
251
697
814
659
286
771
878
93
948
967
614
464
129
89
711
40
414
428
144
747
919
433
362
291
606
728
67
809
344
455
144
323
63
737
568
684
923
786
850
94
959
747
248
116
379
110
429
996
436
819
816
957
168
895
404
495
584
263
737
571
234
73
913