                                                                      -- [--]
                                                            1000 [0]
                                                                      -- [--]
                                                  996 [3]
                                                                      -- [--]
                                                            991 [1]
                                                                      966 [0]
                                        959 [9]
                                                                      952 [0]
                                                            951 [1]
                                                                      -- [--]
                                                  949 [4]
                                                                      -- [--]
                                                            948 [1]
                                                                      940 [0]
                              937 [21]
                                                                      -- [--]
                                                            935 [1]
                                                                      930 [0]
                                                  927 [4]
                                                                      -- [--]
                                                            923 [1]
                                                                      919 [0]
                                        916 [10]
                                                                      -- [--]
                                                            911 [1]
                                                                      894 [0]
                                                  884 [4]
                                                                      -- [--]
                                                            881 [1]
                                                                      877 [0]
                    873 [44]
                                                                      -- [--]
                                                            859 [0]
                                                                      -- [--]
                                                  858 [3]
                                                                      -- [--]
                                                            842 [1]
                                                                      841 [0]
                                        831 [9]
                                                                      -- [--]
                                                            830 [1]
                                                                      828 [0]
                                                  816 [4]
                                                                      -- [--]
                                                            815 [1]
                                                                      814 [0]
                              804 [21]
                                                                      -- [--]
                                                            797 [1]
                                                                      795 [0]
                                                  794 [4]
                                                                      -- [--]
                                                            791 [1]
                                                                      784 [0]
                                        781 [10]
                                                                      -- [--]
                                                            780 [1]
                                                                      778 [0]
                                                  773 [4]
                                                                      -- [--]
                                                            763 [1]
                                                                      762 [0]
          759 [90]
                                                                      -- [--]
                                                            742 [0]
                                                                      -- [--]
                                                  735 [3]
                                                                      731 [0]
                                                            724 [1]
                                                                      -- [--]
                                        717 [9]
                                                                      715 [0]
                                                            702 [1]
                                                                      -- [--]
                                                  690 [4]
                                                                      -- [--]
                                                            688 [1]
                                                                      686 [0]
                              683 [21]
                                                                      -- [--]
                                                            673 [1]
                                                                      667 [0]
                                                  665 [4]
                                                                      -- [--]
                                                            662 [1]
                                                                      658 [0]
                                        653 [10]
                                                                      -- [--]
                                                            652 [1]
                                                                      644 [0]
                                                  642 [4]
                                                                      -- [--]
                                                            635 [1]
                                                                      632 [0]
                    630 [44]
                                                                      -- [--]
                                                            614 [0]
                                                                      -- [--]
                                                  611 [3]
                                                                      -- [--]
                                                            601 [1]
                                                                      583 [0]
                                        578 [9]
                                                                      -- [--]
                                                            577 [1]
                                                                      574 [0]
                                                  559 [4]
                                                                      -- [--]
                                                            556 [1]
                                                                      554 [0]
                              549 [21]
                                                                      -- [--]
                                                            540 [1]
                                                                      539 [0]
                                                  535 [4]
                                                                      -- [--]
                                                            519 [1]
                                                                      507 [0]
                                        505 [10]
                                                                      -- [--]
                                                            495 [1]
                                                                      492 [0]
                                                  491 [4]
                                                                      -- [--]
                                                            486 [1]
                                                                      480 [0]
468 [182]
                                                                      -- [--]
                                                            467 [0]
                                                                      -- [--]
                                                  465 [3]
                                                                      -- [--]
                                                            458 [1]
                                                                      455 [0]
                                        452 [9]
                                                                      -- [--]
                                                            449 [1]
                                                                      443 [0]
                                                  438 [4]
                                                                      -- [--]
                                                            424 [1]
                                                                      417 [0]
                              415 [21]
                                                                      -- [--]
                                                            407 [1]
                                                                      403 [0]
                                                  400 [4]
                                                                      -- [--]
                                                            394 [1]
                                                                      383 [0]
                                        382 [10]
                                                                      372 [0]
                                                            371 [1]
                                                                      -- [--]
                                                  370 [4]
                                                                      -- [--]
                                                            366 [1]
                                                                      357 [0]
                    354 [44]
                                                                      -- [--]
                                                            346 [0]
                                                                      -- [--]
                                                  342 [3]
                                                                      340 [0]
                                                            326 [1]
                                                                      -- [--]
                                        325 [9]
                                                                      324 [0]
                                                            304 [1]
                                                                      -- [--]
                                                  301 [4]
                                                                      300 [0]
                                                            299 [1]
                                                                      -- [--]
                              296 [21]
                                                                      295 [0]
                                                            292 [1]
                                                                      -- [--]
                                                  279 [4]
                                                                      278 [0]
                                                            276 [1]
                                                                      -- [--]
                                        275 [10]
                                                                      273 [0]
                                                            257 [1]
                                                                      -- [--]
                                                  253 [4]
                                                                      -- [--]
                                                            243 [1]
                                                                      239 [0]
          237 [90]
                                                                      -- [--]
                                                            235 [1]
                                                                      233 [0]
                                                  231 [4]
                                                                      220 [0]
                                                            214 [1]
                                                                      -- [--]
                                        211 [10]
                                                                      209 [0]
                                                            196 [1]
                                                                      -- [--]
                                                  190 [4]
                                                                      -- [--]
                                                            185 [1]
                                                                      175 [0]
                              169 [21]
                                                                      -- [--]
                                                            163 [0]
                                                                      -- [--]
                                                  152 [3]
                                                                      147 [0]
                                                            131 [1]
                                                                      -- [--]
                                        130 [9]
                                                                      126 [0]
                                                            118 [1]
                                                                      -- [--]
                                                  116 [4]
                                                                      109 [0]
                                                            107 [1]
                                                                      -- [--]
                    102 [44]
                                                                      101 [0]
                                                            93 [1]
                                                                      -- [--]
                                                  91 [4]
                                                                      89 [0]
                                                            85 [1]
                                                                      -- [--]
                                        77 [10]
                                                                      69 [0]
                                                            64 [1]
                                                                      -- [--]
                                                  61 [4]
                                                                      59 [0]
                                                            57 [1]
                                                                      -- [--]
                              53 [21]
                                                                      48 [0]
                                                            45 [1]
                                                                      -- [--]
                                                  40 [4]
                                                                      38 [0]
                                                            20 [1]
                                                                      -- [--]
                                        18 [9]
                                                                      13 [0]
                                                            10 [1]
                                                                      -- [--]
                                                  6 [3]
                                                                      -- [--]
                                                            1 [0]
                                                                      -- [--]
